
var_1  var_2  var_3  var_4  var_5  var_6  odds         Factor  Offset  p_score
-----  -----  -----  -----  -----  -----  ----  -------------  ------  -------
   12    0.5      3      1     22    0.1   100  43.2808512267     301     -528
   45    1.2      1      0     15   0.42   100  43.2808512267     301     -238
    8    0.3      5      1     30   0.05   100  43.2808512267     301     -881
   60    2.1      2      0     10   0.55   100  43.2808512267     301      -72
   25    0.8      4      1     18    0.2   100  43.2808512267     301     -393


